1,0111001293,0111019001,1713,001180286,09-Apr-2022,100020,1,A0319,Nos,4.0,155.0,620.0
2,0111001293,0111002017,1713,001180287,09-Apr-2022,100136,1,A0319,Nos,6.0,155.0,930.0
3,0111001293,0111009002,1713,001180289,09-Apr-2022,100022,1,A0319,Nos,6.0,155.0,930.0
4,0111001293,0111014001,1713,001180290,09-Apr-2022,100091,1,A0319,Nos,6.0,155.0,930.0
5,0111001293,0111029001,1713,001180292,09-Apr-2022,100016,1,A0319,Nos,4.0,155.0,620.0
6,0111001293,0101007003,1713,001180293,09-Apr-2022,100081,1,A0319,Nos,6.0,155.0,930.0
7,0111001293,0111001239,1713,001180296,09-Apr-2022,100020,1,A0319,Nos,6.0,155.0,930.0
8,0111001293,0111002018,1713,001180297,09-Apr-2022,100131,1,A0319,Nos,6.0,155.0,930.0
9,0111001293,0111003001,1713,001180298,09-Apr-2022,100088,1,A0319,Nos,6.0,155.0,930.0
10,0111001293,0111004011,1713,001180299,09-Apr-2022,100023,1,A0319,Nos,6.0,155.0,930.0
11,0111001293,0111009001,1713,001180301,09-Apr-2022,100021,1,A0319,Nos,4.0,155.0,620.0
12,0111001293,0111009003,1713,001180302,09-Apr-2022,100135,1,A0319,Nos,6.0,155.0,930.0
13,0111001293,0111009004,1713,001180303,09-Apr-2022,100022,1,A0319,Nos,6.0,155.0,930.0
14,0111001293,0111015001,1713,001180308,09-Apr-2022,100120,1,A0319,Nos,6.0,155.0,930.0
15,0111001293,0111016001,1713,001180309,09-Apr-2022,100082,1,A0319,Nos,6.0,155.0,930.0
16,0111001293,0111018001,1713,001180310,09-Apr-2022,100093,1,A0319,Nos,6.0,155.0,930.0
17,0111001293,0111022001,1713,001180311,09-Apr-2022,100025,1,A0319,Nos,6.0,155.0,930.0
18,0111001293,0111024001,1713,001180313,09-Apr-2022,100116,1,A0319,Nos,6.0,155.0,930.0
19,0111001293,0111028001,1713,001180314,09-Apr-2022,100084,1,A0319,Nos,6.0,155.0,930.0
20,0113001242,0113001280,1697,001180611,08-Apr-2022,2684,16,A0319,Nos,4.0,155.0,620.0
21,0113001242,0113001280,1697,001180611,08-Apr-2022,2684,16,A0882,Nos,86.0,13.75,1182.5
22,0113001242,0113001280,1697,001180611,08-Apr-2022,2684,16,A614,Kg,2.0,122.5,245.0
23,0113001242,0113001280,1697,001180611,08-Apr-2022,2684,16,D823,Nos,36.0,22.58,812.88
24,0113001242,0113001280,1697,001180611,08-Apr-2022,2684,16,I046,Nos,408.0,5.7,2325.6
25,0113001242,0113001280,1697,001180611,08-Apr-2022,2684,16,M548,Nos,260.0,16.5,4290.0
26,0113001242,0113001280,1697,001180611,08-Apr-2022,2684,16,M786,Kg,3.25,268.7,873.28
27,0113001242,0113001280,1697,001180611,08-Apr-2022,2684,16,O135,Nos,40.0,17.42,696.8
28,0113001242,0113001280,1697,001180611,08-Apr-2022,2684,16,O250,kg,5.0,247.0,1235.0
29,0113001242,0113001280,1697,001180611,08-Apr-2022,2684,16,O262,Nos,20.0,17.46,349.2
30,0113001242,0113001280,1697,001180611,08-Apr-2022,2684,16,O282,kg,21.0,86.6,1818.6
31,0113001242,0113001280,1697,001180611,08-Apr-2022,2684,16,U457,Nos,1.0,121.0,121.0
32,0113001242,0113001280,1697,001180611,08-Apr-2022,2684,16,V441,Nos,1.0,142.0,142.0
33,0113001242,0113001280,1697,001180611,08-Apr-2022,2684,16,Y0011,Nos,30.0,14.5,435.0
34,0113001242,0113001280,1697,001180611,08-Apr-2022,2684,16,Y0012,Nos,5.0,26.5,132.5
35,0113001242,0113001280,1697,001180611,08-Apr-2022,2684,16,Y0023,Nos,5.0,11.0,55.0
36,0113001242,0113001209,1697,001180612,08-Apr-2022,3216,10,A0882,Nos,20.0,13.75,275.0
37,0113001242,0113001209,1697,001180612,08-Apr-2022,3216,10,A614,Kg,3.0,122.5,367.5
38,0113001242,0113001209,1697,001180612,08-Apr-2022,3216,10,D823,Nos,12.0,22.58,270.96
39,0113001242,0113001209,1697,001180612,08-Apr-2022,3216,10,M548,Nos,28.0,16.5,462.0
40,0113001242,0113001209,1697,001180612,08-Apr-2022,3216,10,M786,Kg,2.25,268.7,604.58
41,0113001242,0113001209,1697,001180612,08-Apr-2022,3216,10,O135,Nos,41.0,17.42,714.22
42,0113001242,0113001209,1697,001180612,08-Apr-2022,3216,10,O250,kg,1.0,247.0,247.0
43,0113001242,0113001209,1697,001180612,08-Apr-2022,3216,10,O282,kg,1.0,86.6,86.6
44,0113001242,0113001209,1697,001180612,08-Apr-2022,3216,10,Y0011,Nos,10.0,14.5,145.0
45,0113001242,0113001209,1697,001180612,08-Apr-2022,3216,10,Y0023,Nos,5.0,11.0,55.0
46,0113001242,0113001302,1697,001180613,08-Apr-2022,2864,14,A0882,Nos,10.0,13.75,137.5
47,0113001242,0113001302,1697,001180613,08-Apr-2022,2864,14,A614,Kg,3.0,122.5,367.5
48,0113001242,0113001302,1697,001180613,08-Apr-2022,2864,14,D823,Nos,84.0,22.58,1896.72
49,0113001242,0113001302,1697,001180613,08-Apr-2022,2864,14,I046,Nos,408.0,5.7,2325.6
50,0113001242,0113001302,1697,001180613,08-Apr-2022,2864,14,M548,Nos,52.0,16.5,858.0
51,0113001242,0113001302,1697,001180613,08-Apr-2022,2864,14,M786,Kg,4.25,268.7,1141.97
52,0113001242,0113001302,1697,001180613,08-Apr-2022,2864,14,O135,Nos,10.0,17.42,174.2
53,0113001242,0113001302,1697,001180613,08-Apr-2022,2864,14,O250,kg,1.0,247.0,247.0
54,0113001242,0113001302,1697,001180613,08-Apr-2022,2864,14,O262,Nos,10.0,17.46,174.6
55,0113001242,0113001302,1697,001180613,08-Apr-2022,2864,14,O282,kg,1.0,86.6,86.6
56,0113001242,0113001302,1697,001180613,08-Apr-2022,2864,14,V441,Nos,2.0,142.0,284.0
57,0113001242,0113001302,1697,001180613,08-Apr-2022,2864,14,Y0011,Nos,60.0,14.5,870.0
58,0113001242,0113001302,1697,001180613,08-Apr-2022,2864,14,Y0012,Nos,10.0,26.5,265.0
59,0113001242,0113001302,1697,001180613,08-Apr-2022,2864,14,Y0023,Nos,5.0,11.0,55.0
60,0113001242,0113001034,1697,001180614,08-Apr-2022,10462,13,A0882,Nos,10.0,13.75,137.5
61,0113001242,0113001034,1697,001180614,08-Apr-2022,10462,13,A614,Kg,1.0,122.5,122.5
62,0113001242,0113001034,1697,001180614,08-Apr-2022,10462,13,D823,Nos,24.0,22.58,541.92
63,0113001242,0113001034,1697,001180614,08-Apr-2022,10462,13,I046,Nos,102.0,5.7,581.4
64,0113001242,0113001034,1697,001180614,08-Apr-2022,10462,13,M548,Nos,32.0,16.5,528.0
65,0113001242,0113001034,1697,001180614,08-Apr-2022,10462,13,M786,Kg,1.0,268.7,268.7
66,0113001242,0113001034,1697,001180614,08-Apr-2022,10462,13,O135,Nos,30.0,17.42,522.6
67,0113001242,0113001034,1697,001180614,08-Apr-2022,10462,13,O250,kg,1.0,247.0,247.0
68,0113001242,0113001034,1697,001180614,08-Apr-2022,10462,13,O262,Nos,10.0,17.46,174.6
69,0113001242,0113001034,1697,001180614,08-Apr-2022,10462,13,O282,kg,1.0,86.6,86.6
70,0113001242,0113001034,1697,001180614,08-Apr-2022,10462,13,Y0011,Nos,10.0,14.5,145.0
71,0113001242,0113001034,1697,001180614,08-Apr-2022,10462,13,Y0012,Nos,5.0,26.5,132.5
72,0113001242,0113001034,1697,001180614,08-Apr-2022,10462,13,Y0023,Nos,5.0,11.0,55.0
73,0113001242,0113001045,1697,001180615,08-Apr-2022,14112,13,A0882,Nos,38.0,13.75,522.5
74,0113001242,0113001045,1697,001180615,08-Apr-2022,14112,13,A614,Kg,2.0,122.5,245.0
75,0113001242,0113001045,1697,001180615,08-Apr-2022,14112,13,D823,Nos,12.0,22.58,270.96
76,0113001242,0113001045,1697,001180615,08-Apr-2022,14112,13,I046,Nos,51.0,5.7,290.7
77,0113001242,0113001045,1697,001180615,08-Apr-2022,14112,13,M548,Nos,36.0,16.5,594.0
78,0113001242,0113001045,1697,001180615,08-Apr-2022,14112,13,M786,Kg,2.5,268.7,671.75
79,0113001242,0113001045,1697,001180615,08-Apr-2022,14112,13,O135,Nos,10.0,17.42,174.2
80,0113001242,0113001045,1697,001180615,08-Apr-2022,14112,13,O250,kg,1.0,247.0,247.0
81,0113001242,0113001045,1697,001180615,08-Apr-2022,14112,13,O262,Nos,10.0,17.46,174.6
82,0113001242,0113001045,1697,001180615,08-Apr-2022,14112,13,O282,kg,1.0,86.6,86.6
83,0113001242,0113001045,1697,001180615,08-Apr-2022,14112,13,Y0011,Nos,10.0,14.5,145.0
84,0113001242,0113001045,1697,001180615,08-Apr-2022,14112,13,Y0012,Nos,5.0,26.5,132.5
85,0113001242,0113001045,1697,001180615,08-Apr-2022,14112,13,Y0023,Nos,10.0,11.0,110.0
86,0113001242,0113001320,1697,001180616,08-Apr-2022,100076,7,A0882,Nos,5.0,13.75,68.75
87,0113001242,0113001320,1697,001180616,08-Apr-2022,100076,7,H127,Nos,10.0,10.42,104.2
88,0113001242,0113001320,1697,001180616,08-Apr-2022,100076,7,O135,Nos,20.0,17.42,348.4
89,0113001242,0113001320,1697,001180616,08-Apr-2022,100076,7,O262,Nos,15.0,17.46,261.9
90,0113001242,0113001320,1697,001180616,08-Apr-2022,100076,7,Y0011,Nos,10.0,14.5,145.0
91,0113001242,0113001320,1697,001180616,08-Apr-2022,100076,7,Y0012,Nos,5.0,26.5,132.5
92,0113001242,0113001320,1697,001180616,08-Apr-2022,100076,7,Y0023,Nos,10.0,11.0,110.0
93,0113001242,0113001326,1697,001180617,08-Apr-2022,100055,7,A0882,Nos,10.0,13.75,137.5
94,0113001242,0113001326,1697,001180617,08-Apr-2022,100055,7,H127,Nos,10.0,10.42,104.2
95,0113001242,0113001326,1697,001180617,08-Apr-2022,100055,7,O135,Nos,15.0,17.42,261.3
96,0113001242,0113001326,1697,001180617,08-Apr-2022,100055,7,O262,Nos,10.0,17.46,174.6
97,0113001242,0113001326,1697,001180617,08-Apr-2022,100055,7,U457,Nos,1.0,121.0,121.0
98,0113001242,0113001326,1697,001180617,08-Apr-2022,100055,7,Y0012,Nos,5.0,26.5,132.5
99,0113001242,0113001326,1697,001180617,08-Apr-2022,100055,7,Y0023,Nos,5.0,11.0,55.0
100,0113001242,0113001327,1697,001180618,08-Apr-2022,100077,4,A0882,Nos,40.0,13.75,550.0
101,0113001242,0113001327,1697,001180618,08-Apr-2022,100077,4,O135,Nos,20.0,17.42,348.4
102,0113001242,0113001327,1697,001180618,08-Apr-2022,100077,4,U457,Nos,3.0,121.0,363.0
103,0113001242,0113001327,1697,001180618,08-Apr-2022,100077,4,Y0012,Nos,10.0,26.5,265.0
104,0113001242,0113001329,1697,001180619,08-Apr-2022,100032,7,A0882,Nos,20.0,13.75,275.0
105,0113001242,0113001329,1697,001180619,08-Apr-2022,100032,7,H127,Nos,15.0,10.42,156.3
106,0113001242,0113001329,1697,001180619,08-Apr-2022,100032,7,O135,Nos,20.0,17.42,348.4
107,0113001242,0113001329,1697,001180619,08-Apr-2022,100032,7,O262,Nos,20.0,17.46,349.2
108,0113001242,0113001329,1697,001180619,08-Apr-2022,100032,7,Y0011,Nos,15.0,14.5,217.5
109,0113001242,0113001329,1697,001180619,08-Apr-2022,100032,7,Y0012,Nos,5.0,26.5,132.5
110,0113001242,0113001329,1697,001180619,08-Apr-2022,100032,7,Y0023,Nos,20.0,11.0,220.0
111,0113001242,0113001339,1697,001180620,08-Apr-2022,100027,3,A0882,Nos,25.0,13.75,343.75
112,0113001242,0113001339,1697,001180620,08-Apr-2022,100027,3,O135,Nos,30.0,17.42,522.6
113,0113001242,0113001339,1697,001180620,08-Apr-2022,100027,3,U457,Nos,2.0,121.0,242.0
114,0101001108,0164006003,1692,001180713,08-Apr-2022,3790,14,A0319,Nos,6.0,155.0,930.0
115,0101001108,0164006003,1692,001180713,08-Apr-2022,3790,14,A0882,Nos,60.0,13.75,825.0
116,0101001108,0164006003,1692,001180713,08-Apr-2022,3790,14,A614,Kg,5.0,114.5,572.5
117,0101001108,0164006003,1692,001180713,08-Apr-2022,3790,14,D823,Nos,84.0,22.58,1896.72
118,0101001108,0164006003,1692,001180713,08-Apr-2022,3790,14,I046,Nos,102.0,5.7,581.4
119,0101001108,0164006003,1692,001180713,08-Apr-2022,3790,14,M548,Nos,60.0,16.5,990.0
120,0101001108,0164006003,1692,001180713,08-Apr-2022,3790,14,M786,Kg,4.0,268.7,1074.8
121,0101001108,0164006003,1692,001180713,08-Apr-2022,3790,14,O135,Nos,25.0,17.42,435.5
122,0101001108,0164006003,1692,001180713,08-Apr-2022,3790,14,O250,kg,2.0,247.0,494.0
123,0101001108,0164006003,1692,001180713,08-Apr-2022,3790,14,O282,kg,2.5,86.6,216.5
124,0101001108,0164006003,1692,001180713,08-Apr-2022,3790,14,U457,Nos,6.0,121.0,726.0
125,0101001108,0164006003,1692,001180713,08-Apr-2022,3790,14,V441,Nos,12.0,142.0,1704.0
126,0101001108,0164006003,1692,001180713,08-Apr-2022,3790,14,Y0011,Nos,5.0,14.5,72.5
127,0101001108,0164006003,1692,001180713,08-Apr-2022,3790,14,Y0012,Nos,20.0,26.5,530.0
128,0101001108,0164002001,1692,001180714,08-Apr-2022,2643,15,A0319,Nos,4.0,155.0,620.0
129,0101001108,0164002001,1692,001180714,08-Apr-2022,2643,15,A0882,Nos,75.0,13.75,1031.25
130,0101001108,0164002001,1692,001180714,08-Apr-2022,2643,15,A614,Kg,10.0,114.5,1145.0
131,0101001108,0164002001,1692,001180714,08-Apr-2022,2643,15,D823,Nos,72.0,22.58,1625.76
132,0101001108,0164002001,1692,001180714,08-Apr-2022,2643,15,H140,Kg,0.5,262.0,131.0
133,0101001108,0164002001,1692,001180714,08-Apr-2022,2643,15,I046,Nos,255.0,5.7,1453.5
134,0101001108,0164002001,1692,001180714,08-Apr-2022,2643,15,M546,Nos,100.0,12.55,1255.0
135,0101001108,0164002001,1692,001180714,08-Apr-2022,2643,15,M786,Kg,3.0,268.7,806.1
136,0101001108,0164002001,1692,001180714,08-Apr-2022,2643,15,O135,Nos,40.0,17.42,696.8
137,0101001108,0164002001,1692,001180714,08-Apr-2022,2643,15,O250,kg,3.5,247.0,864.5
138,0101001108,0164002001,1692,001180714,08-Apr-2022,2643,15,O262,Nos,80.0,17.46,1396.8
139,0101001108,0164002001,1692,001180714,08-Apr-2022,2643,15,O282,kg,4.0,86.6,346.4
140,0101001108,0164002001,1692,001180714,08-Apr-2022,2643,15,U457,Nos,6.0,121.0,726.0
141,0101001108,0164002001,1692,001180714,08-Apr-2022,2643,15,Y0011,Nos,75.0,14.5,1087.5
142,0101001108,0164002001,1692,001180714,08-Apr-2022,2643,15,Y0012,Nos,20.0,26.5,530.0
143,0101001108,0164007001,1692,001180715,08-Apr-2022,3423,10,A0319,Nos,3.0,155.0,465.0
144,0101001108,0164007001,1692,001180715,08-Apr-2022,3423,10,A0882,Nos,20.0,13.75,275.0
145,0101001108,0164007001,1692,001180715,08-Apr-2022,3423,10,D823,Nos,24.0,22.58,541.92
146,0101001108,0164007001,1692,001180715,08-Apr-2022,3423,10,M786,Kg,1.5,268.7,403.05
147,0101001108,0164007001,1692,001180715,08-Apr-2022,3423,10,O135,Nos,15.0,17.42,261.3
148,0101001108,0164007001,1692,001180715,08-Apr-2022,3423,10,O262,Nos,20.0,17.46,349.2
149,0101001108,0164007001,1692,001180715,08-Apr-2022,3423,10,O282,kg,0.5,86.6,43.3
150,0101001108,0164007001,1692,001180715,08-Apr-2022,3423,10,U457,Nos,8.0,121.0,968.0
151,0101001108,0164007001,1692,001180715,08-Apr-2022,3423,10,V441,Nos,4.0,142.0,568.0
152,0101001108,0164007001,1692,001180715,08-Apr-2022,3423,10,Y0011,Nos,15.0,14.5,217.5
153,0101001108,0164001001,1692,001180716,08-Apr-2022,3981,6,A0319,Nos,4.0,155.0,620.0
154,0101001108,0164001001,1692,001180716,08-Apr-2022,3981,6,A614,Kg,4.0,114.5,458.0
155,0101001108,0164001001,1692,001180716,08-Apr-2022,3981,6,M786,Kg,2.5,268.7,671.75
156,0101001108,0164001001,1692,001180716,08-Apr-2022,3981,6,O250,kg,1.5,247.0,370.5
157,0101001108,0164001001,1692,001180716,08-Apr-2022,3981,6,O282,kg,0.75,86.6,64.95
158,0101001108,0164001001,1692,001180716,08-Apr-2022,3981,6,Y0011,Nos,20.0,14.5,290.0
159,0101001108,0101005003,1692,001180717,08-Apr-2022,2702,11,A0882,Nos,45.0,13.75,618.75
160,0101001108,0101005003,1692,001180717,08-Apr-2022,2702,11,A614,Kg,6.0,114.5,687.0
161,0101001108,0101005003,1692,001180717,08-Apr-2022,2702,11,D823,Nos,24.0,22.58,541.92
162,0101001108,0101005003,1692,001180717,08-Apr-2022,2702,11,I046,Nos,153.0,5.7,872.1
163,0101001108,0101005003,1692,001180717,08-Apr-2022,2702,11,M548,Nos,60.0,16.5,990.0
164,0101001108,0101005003,1692,001180717,08-Apr-2022,2702,11,M786,Kg,1.5,268.7,403.05
165,0101001108,0101005003,1692,001180717,08-Apr-2022,2702,11,O250,kg,2.0,247.0,494.0
166,0101001108,0101005003,1692,001180717,08-Apr-2022,2702,11,O262,Nos,40.0,17.46,698.4
167,0101001108,0101005003,1692,001180717,08-Apr-2022,2702,11,O282,kg,3.0,86.6,259.8
168,0101001108,0101005003,1692,001180717,08-Apr-2022,2702,11,Y0011,Nos,40.0,14.5,580.0
169,0101001108,0101005003,1692,001180717,08-Apr-2022,2702,11,Y0012,Nos,15.0,26.5,397.5
170,0101001108,0164006005,1692,001180718,08-Apr-2022,2795,13,A0319,Nos,8.0,155.0,1240.0
171,0101001108,0164006005,1692,001180718,08-Apr-2022,2795,13,A0882,Nos,40.0,13.75,550.0
172,0101001108,0164006005,1692,001180718,08-Apr-2022,2795,13,A614,Kg,5.0,114.5,572.5
173,0101001108,0164006005,1692,001180718,08-Apr-2022,2795,13,D823,Nos,48.0,22.58,1083.84
174,0101001108,0164006005,1692,001180718,08-Apr-2022,2795,13,I046,Nos,102.0,5.7,581.4
175,0101001108,0164006005,1692,001180718,08-Apr-2022,2795,13,M548,Nos,48.0,16.5,792.0
176,0101001108,0164006005,1692,001180718,08-Apr-2022,2795,13,M786,Kg,3.0,268.7,806.1
177,0101001108,0164006005,1692,001180718,08-Apr-2022,2795,13,O250,kg,2.5,247.0,617.5
178,0101001108,0164006005,1692,001180718,08-Apr-2022,2795,13,O282,kg,1.5,86.6,129.9
179,0101001108,0164006005,1692,001180718,08-Apr-2022,2795,13,U457,Nos,8.0,121.0,968.0
180,0101001108,0164006005,1692,001180718,08-Apr-2022,2795,13,V441,Nos,8.0,142.0,1136.0
181,0101001108,0164006005,1692,001180718,08-Apr-2022,2795,13,Y0011,Nos,65.0,14.5,942.5
182,0101001108,0164006005,1692,001180718,08-Apr-2022,2795,13,Y0012,Nos,10.0,26.5,265.0
183,0145001110,0145006001,1774,001180719,08-Apr-2022,100123,8,A0882,Nos,50.0,13.75,687.5
184,0145001110,0145006001,1774,001180719,08-Apr-2022,100123,8,D823,Nos,60.0,22.58,1354.8
185,0145001110,0145006001,1774,001180719,08-Apr-2022,100123,8,M548,Nos,152.0,16.5,2508.0
186,0145001110,0145006001,1774,001180719,08-Apr-2022,100123,8,M786,Kg,10.0,268.7,2687.0
187,0145001110,0145006001,1774,001180719,08-Apr-2022,100123,8,O135,Nos,102.0,17.42,1776.84
188,0145001110,0145006001,1774,001180719,08-Apr-2022,100123,8,O262,Nos,50.0,17.46,873.0
189,0145001110,0145006001,1774,001180719,08-Apr-2022,100123,8,Y0012,Nos,50.0,26.5,1325.0
190,0145001110,0145006001,1774,001180719,08-Apr-2022,100123,8,Y0011,Nos,50.0,14.5,725.0
191,0101001108,0164006002,1692,001180720,08-Apr-2022,3784,11,A614,Kg,3.0,114.5,343.5
192,0101001108,0164006002,1692,001180720,08-Apr-2022,3784,11,D823,Nos,12.0,22.58,270.96
193,0101001108,0164006002,1692,001180720,08-Apr-2022,3784,11,I046,Nos,153.0,5.7,872.1
194,0101001108,0164006002,1692,001180720,08-Apr-2022,3784,11,M546,Nos,100.0,12.55,1255.0
195,0101001108,0164006002,1692,001180720,08-Apr-2022,3784,11,M786,Kg,1.25,268.7,335.88
196,0101001108,0164006002,1692,001180720,08-Apr-2022,3784,11,O262,Nos,25.0,17.46,436.5
197,0101001108,0164006002,1692,001180720,08-Apr-2022,3784,11,O282,kg,0.5,86.6,43.3
198,0101001108,0164006002,1692,001180720,08-Apr-2022,3784,11,V441,Nos,1.0,142.0,142.0
199,0101001108,0164006002,1692,001180720,08-Apr-2022,3784,11,Y0011,Nos,40.0,14.5,580.0
200,0101001108,0164006002,1692,001180720,08-Apr-2022,3784,11,Y0012,Nos,10.0,26.5,265.0
201,0101001108,0164006002,1692,001180720,08-Apr-2022,3784,11,A0882,Nos,65.0,13.75,893.75
202,0145001110,0145003003,1774,001180721,08-Apr-2022,100020,13,A0882,Nos,60.0,13.75,825.0
203,0145001110,0145003003,1774,001180721,08-Apr-2022,100020,13,A614,Kg,5.0,114.5,572.5
204,0145001110,0145003003,1774,001180721,08-Apr-2022,100020,13,D823,Nos,48.0,22.58,1083.84
205,0145001110,0145003003,1774,001180721,08-Apr-2022,100020,13,I046,Nos,102.0,5.78,589.56
206,0145001110,0145003003,1774,001180721,08-Apr-2022,100020,13,M548,Nos,60.0,16.5,990.0
207,0145001110,0145003003,1774,001180721,08-Apr-2022,100020,13,M786,Kg,2.0,268.7,537.4
208,0145001110,0145003003,1774,001180721,08-Apr-2022,100020,13,O135,Nos,42.0,17.42,731.64
209,0145001110,0145003003,1774,001180721,08-Apr-2022,100020,13,O250,kg,3.0,247.0,741.0
210,0145001110,0145003003,1774,001180721,08-Apr-2022,100020,13,O262,Nos,40.0,17.46,698.4
211,0145001110,0145003003,1774,001180721,08-Apr-2022,100020,13,U457,Nos,4.0,121.0,484.0
212,0145001110,0145003003,1774,001180721,08-Apr-2022,100020,13,Y0011,Nos,30.0,14.5,435.0
213,0145001110,0145003003,1774,001180721,08-Apr-2022,100020,13,Y0012,Nos,20.0,26.5,530.0
214,0145001110,0145003003,1774,001180721,08-Apr-2022,100020,13,O282,kg,3.0,86.6,259.8
215,0101001108,0164006001,1692,001180722,08-Apr-2022,2615,13,A0319,Nos,4.0,155.0,620.0
216,0101001108,0164006001,1692,001180722,08-Apr-2022,2615,13,A0882,Nos,20.0,13.75,275.0
217,0101001108,0164006001,1692,001180722,08-Apr-2022,2615,13,A614,Kg,2.0,114.5,229.0
218,0101001108,0164006001,1692,001180722,08-Apr-2022,2615,13,D823,Nos,36.0,22.58,812.88
219,0101001108,0164006001,1692,001180722,08-Apr-2022,2615,13,I046,Nos,51.0,5.7,290.7
220,0101001108,0164006001,1692,001180722,08-Apr-2022,2615,13,M546,Nos,100.0,12.55,1255.0
221,0101001108,0164006001,1692,001180722,08-Apr-2022,2615,13,M786,Kg,1.75,268.7,470.22
222,0101001108,0164006001,1692,001180722,08-Apr-2022,2615,13,O135,Nos,20.0,17.42,348.4
223,0101001108,0164006001,1692,001180722,08-Apr-2022,2615,13,O250,kg,1.0,247.0,247.0
224,0101001108,0164006001,1692,001180722,08-Apr-2022,2615,13,O262,Nos,20.0,17.46,349.2
225,0101001108,0164006001,1692,001180722,08-Apr-2022,2615,13,O282,kg,1.5,86.6,129.9
226,0101001108,0164006001,1692,001180722,08-Apr-2022,2615,13,Y0011,Nos,25.0,14.5,362.5
227,0101001108,0164006001,1692,001180722,08-Apr-2022,2615,13,Y0012,Nos,10.0,26.5,265.0
228,0101001108,0101016001,1692,001180723,08-Apr-2022,2594,10,A0319,Nos,2.0,155.0,310.0
229,0101001108,0101016001,1692,001180723,08-Apr-2022,2594,10,A0882,Nos,50.0,13.75,687.5
230,0101001108,0101016001,1692,001180723,08-Apr-2022,2594,10,A614,Kg,5.0,114.5,572.5
231,0101001108,0101016001,1692,001180723,08-Apr-2022,2594,10,I046,Nos,102.0,5.7,581.4
232,0101001108,0101016001,1692,001180723,08-Apr-2022,2594,10,M546,Nos,100.0,12.55,1255.0
233,0101001108,0101016001,1692,001180723,08-Apr-2022,2594,10,M786,Kg,3.0,268.7,806.1
234,0101001108,0101016001,1692,001180723,08-Apr-2022,2594,10,O135,Nos,30.0,17.42,522.6
235,0101001108,0101016001,1692,001180723,08-Apr-2022,2594,10,O250,kg,1.5,247.0,370.5
236,0101001108,0101016001,1692,001180723,08-Apr-2022,2594,10,O282,kg,1.5,86.6,129.9
237,0101001108,0101016001,1692,001180723,08-Apr-2022,2594,10,Y0011,Nos,5.0,14.5,72.5
238,0145001110,0145003005,1774,001180724,08-Apr-2022,100092,12,A0882,Nos,50.0,13.75,687.5
239,0145001110,0145003005,1774,001180724,08-Apr-2022,100092,12,A614,Kg,4.0,114.5,458.0
240,0145001110,0145003005,1774,001180724,08-Apr-2022,100092,12,D823,Nos,12.0,22.58,270.96
241,0145001110,0145003005,1774,001180724,08-Apr-2022,100092,12,I046,Nos,51.0,5.78,294.78
242,0145001110,0145003005,1774,001180724,08-Apr-2022,100092,12,M548,Nos,32.0,16.5,528.0
243,0145001110,0145003005,1774,001180724,08-Apr-2022,100092,12,M786,Kg,2.0,268.7,537.4
244,0145001110,0145003005,1774,001180724,08-Apr-2022,100092,12,O135,Nos,42.0,17.42,731.64
245,0145001110,0145003005,1774,001180724,08-Apr-2022,100092,12,O250,kg,1.0,247.0,247.0
246,0145001110,0145003005,1774,001180724,08-Apr-2022,100092,12,O262,Nos,60.0,17.46,1047.6
247,0145001110,0145003005,1774,001180724,08-Apr-2022,100092,12,O282,kg,1.0,86.6,86.6
248,0145001110,0145003005,1774,001180724,08-Apr-2022,100092,12,U457,Nos,6.0,121.0,726.0
249,0145001110,0145003005,1774,001180724,08-Apr-2022,100092,12,Y0011,Nos,10.0,14.5,145.0
250,0145001110,0145011001,1774,001180725,08-Apr-2022,100110,11,A0882,Nos,40.0,13.75,550.0
251,0145001110,0145011001,1774,001180725,08-Apr-2022,100110,11,A614,Kg,5.0,114.5,572.5
252,0145001110,0145011001,1774,001180725,08-Apr-2022,100110,11,D823,Nos,12.0,22.58,270.96
253,0145001110,0145011001,1774,001180725,08-Apr-2022,100110,11,I046,Nos,51.0,5.78,294.78
254,0145001110,0145011001,1774,001180725,08-Apr-2022,100110,11,M786,Kg,2.0,268.7,537.4
255,0145001110,0145011001,1774,001180725,08-Apr-2022,100110,11,O135,Nos,72.0,17.42,1254.24
256,0145001110,0145011001,1774,001180725,08-Apr-2022,100110,11,O250,kg,1.0,247.0,247.0
257,0145001110,0145011001,1774,001180725,08-Apr-2022,100110,11,O262,Nos,30.0,17.46,523.8
258,0145001110,0145011001,1774,001180725,08-Apr-2022,100110,11,O282,kg,1.0,86.6,86.6
259,0145001110,0145011001,1774,001180725,08-Apr-2022,100110,11,Y0011,Nos,25.0,14.5,362.5
260,0145001110,0145011001,1774,001180725,08-Apr-2022,100110,11,Y0012,Nos,15.0,26.5,397.5
261,0101001108,0101012001,1692,001180726,08-Apr-2022,2098,9,A0882,Nos,45.0,13.75,618.75
262,0101001108,0101012001,1692,001180726,08-Apr-2022,2098,9,A614,Kg,5.0,114.5,572.5
263,0101001108,0101012001,1692,001180726,08-Apr-2022,2098,9,D823,Nos,60.0,22.58,1354.8
264,0101001108,0101012001,1692,001180726,08-Apr-2022,2098,9,M786,Kg,2.0,268.7,537.4
265,0101001108,0101012001,1692,001180726,08-Apr-2022,2098,9,O135,Nos,40.0,17.42,696.8
266,0101001108,0101012001,1692,001180726,08-Apr-2022,2098,9,O250,kg,3.0,247.0,741.0
267,0101001108,0101012001,1692,001180726,08-Apr-2022,2098,9,O262,Nos,75.0,17.46,1309.5
268,0101001108,0101012001,1692,001180726,08-Apr-2022,2098,9,Y0011,Nos,40.0,14.5,580.0
269,0101001108,0101012001,1692,001180726,08-Apr-2022,2098,9,O282,kg,1.75,86.6,151.55
270,0101001108,0164006004,1692,001180727,08-Apr-2022,2984,15,A0319,Nos,4.0,155.0,620.0
271,0101001108,0164006004,1692,001180727,08-Apr-2022,2984,15,A0882,Nos,30.0,13.75,412.5
272,0101001108,0164006004,1692,001180727,08-Apr-2022,2984,15,A614,Kg,3.0,114.5,343.5
273,0101001108,0164006004,1692,001180727,08-Apr-2022,2984,15,D823,Nos,60.0,22.58,1354.8
274,0101001108,0164006004,1692,001180727,08-Apr-2022,2984,15,H140,Kg,0.5,262.0,131.0
275,0101001108,0164006004,1692,001180727,08-Apr-2022,2984,15,I046,Nos,51.0,5.7,290.7
276,0101001108,0164006004,1692,001180727,08-Apr-2022,2984,15,M546,Nos,100.0,12.55,1255.0
277,0101001108,0164006004,1692,001180727,08-Apr-2022,2984,15,M786,Kg,3.5,268.7,940.45
278,0101001108,0164006004,1692,001180727,08-Apr-2022,2984,15,O135,Nos,26.0,17.42,452.92
279,0101001108,0164006004,1692,001180727,08-Apr-2022,2984,15,O250,kg,2.5,247.0,617.5
280,0101001108,0164006004,1692,001180727,08-Apr-2022,2984,15,O262,Nos,40.0,17.46,698.4
281,0101001108,0164006004,1692,001180727,08-Apr-2022,2984,15,U457,Nos,3.0,121.0,363.0
282,0101001108,0164006004,1692,001180727,08-Apr-2022,2984,15,V441,Nos,3.0,142.0,426.0
283,0101001108,0164006004,1692,001180727,08-Apr-2022,2984,15,Y0012,Nos,15.0,26.5,397.5
284,0101001108,0164006004,1692,001180727,08-Apr-2022,2984,15,Y0011,Nos,35.0,14.5,507.5
285,0111001500,0111001464,2003,001180729,08-Apr-2022,2332,9,A0960,Nos,6.0,24.19,145.14
286,0111001500,0111001464,2003,001180729,08-Apr-2022,2332,9,A1006,Nos,24.0,9.12,218.88
287,0111001500,0111001464,2003,001180729,08-Apr-2022,2332,9,A1007,Nos,12.0,12.32,147.84
288,0111001500,0111001464,2003,001180729,08-Apr-2022,2332,9,A1008,Nos,20.0,10.49,209.8
289,0111001500,0111001464,2003,001180729,08-Apr-2022,2332,9,A1012,Nos,5.0,35.03,175.15
290,0111001500,0111001464,2003,001180729,08-Apr-2022,2332,9,A1013,Nos,2.0,33.78,67.56
291,0111001500,0111001464,2003,001180729,08-Apr-2022,2332,9,A1014,Nos,3.0,28.65,85.95
292,0111001500,0111001464,2003,001180729,08-Apr-2022,2332,9,A1016,Nos,5.0,23.88,119.4
293,0111001500,0111001464,2003,001180729,08-Apr-2022,2332,9,A1017,Nos,2.0,38.29,76.58
294,0111001500,0111001467,2003,001180730,08-Apr-2022,2287,5,A0960,Nos,3.0,24.19,72.57
295,0111001500,0111001467,2003,001180730,08-Apr-2022,2287,5,A1006,Nos,4.0,9.12,36.48
296,0111001500,0111001467,2003,001180730,08-Apr-2022,2287,5,A1007,Nos,4.0,12.32,49.28
297,0111001500,0111001467,2003,001180730,08-Apr-2022,2287,5,A1012,Nos,2.0,35.03,70.06
298,0111001500,0111001467,2003,001180730,08-Apr-2022,2287,5,A1014,Nos,2.0,28.65,57.3
299,0111001500,0111001471,2003,001180731,08-Apr-2022,2332,11,A0960,Nos,20.0,24.19,483.8
300,0111001500,0111001471,2003,001180731,08-Apr-2022,2332,11,A1006,Nos,20.0,9.12,182.4
301,0111001500,0111001471,2003,001180731,08-Apr-2022,2332,11,A1008,Nos,12.0,10.49,125.88
302,0111001500,0111001471,2003,001180731,08-Apr-2022,2332,11,A1009,Nos,10.0,9.74,97.4
303,0111001500,0111001471,2003,001180731,08-Apr-2022,2332,11,A1010,Nos,2.0,22.48,44.96
304,0111001500,0111001471,2003,001180731,08-Apr-2022,2332,11,A1012,Nos,6.0,35.03,210.18
305,0111001500,0111001471,2003,001180731,08-Apr-2022,2332,11,A1013,Nos,6.0,33.78,202.68
306,0111001500,0111001471,2003,001180731,08-Apr-2022,2332,11,A1014,Nos,10.0,28.65,286.5
307,0111001500,0111001471,2003,001180731,08-Apr-2022,2332,11,A1016,Nos,2.0,23.88,47.76
308,0111001500,0111001471,2003,001180731,08-Apr-2022,2332,11,A1017,Nos,4.0,38.29,153.16
309,0111001500,0111001471,2003,001180731,08-Apr-2022,2332,11,A1019,Nos,20.0,11.07,221.4
310,0111001500,0111001475,2003,001180732,08-Apr-2022,2645,12,A0960,Nos,20.0,24.19,483.8
311,0111001500,0111001475,2003,001180732,08-Apr-2022,2645,12,A1006,Nos,40.0,9.12,364.8
312,0111001500,0111001475,2003,001180732,08-Apr-2022,2645,12,A1007,Nos,30.0,12.32,369.6
313,0111001500,0111001475,2003,001180732,08-Apr-2022,2645,12,A1008,Nos,20.0,10.49,209.8
314,0111001500,0111001475,2003,001180732,08-Apr-2022,2645,12,A1009,Nos,10.0,9.74,97.4
315,0111001500,0111001475,2003,001180732,08-Apr-2022,2645,12,A1010,Nos,5.0,22.48,112.4
316,0111001500,0111001475,2003,001180732,08-Apr-2022,2645,12,A1012,Nos,10.0,35.03,350.3
317,0111001500,0111001475,2003,001180732,08-Apr-2022,2645,12,A1013,Nos,10.0,33.78,337.8
318,0111001500,0111001475,2003,001180732,08-Apr-2022,2645,12,A1014,Nos,10.0,28.65,286.5
319,0111001500,0111001475,2003,001180732,08-Apr-2022,2645,12,A1016,Nos,2.0,23.88,47.76
320,0111001500,0111001475,2003,001180732,08-Apr-2022,2645,12,A1017,Nos,2.0,38.29,76.58
321,0111001500,0111001475,2003,001180732,08-Apr-2022,2645,12,A1019,Nos,20.0,11.07,221.4
322,0111001500,0111001476,2003,001180733,08-Apr-2022,2147,11,A0960,Nos,6.0,24.19,145.14
323,0111001500,0111001476,2003,001180733,08-Apr-2022,2147,11,A1006,Nos,8.0,9.12,72.96
324,0111001500,0111001476,2003,001180733,08-Apr-2022,2147,11,A1007,Nos,4.0,12.32,49.28
325,0111001500,0111001476,2003,001180733,08-Apr-2022,2147,11,A1008,Nos,6.0,10.49,62.94
326,0111001500,0111001476,2003,001180733,08-Apr-2022,2147,11,A1009,Nos,4.0,9.74,38.96
327,0111001500,0111001476,2003,001180733,08-Apr-2022,2147,11,A1012,Nos,8.0,35.03,280.24
328,0111001500,0111001476,2003,001180733,08-Apr-2022,2147,11,A1013,Nos,6.0,33.78,202.68
329,0111001500,0111001476,2003,001180733,08-Apr-2022,2147,11,A1014,Nos,8.0,28.65,229.2
330,0111001500,0111001476,2003,001180733,08-Apr-2022,2147,11,A1016,Nos,2.0,23.88,47.76
331,0111001500,0111001476,2003,001180733,08-Apr-2022,2147,11,A1017,Nos,2.0,38.29,76.58
332,0111001500,0111001476,2003,001180733,08-Apr-2022,2147,11,A1019,Nos,2.0,11.07,22.14
333,0111001500,0111001491,2003,001180734,08-Apr-2022,2287,10,A0960,Nos,15.0,24.19,362.85
334,0111001500,0111001491,2003,001180734,08-Apr-2022,2287,10,A1007,Nos,4.0,12.32,49.28
335,0111001500,0111001491,2003,001180734,08-Apr-2022,2287,10,A1008,Nos,4.0,10.49,41.96
336,0111001500,0111001491,2003,001180734,08-Apr-2022,2287,10,A1009,Nos,4.0,9.74,38.96
337,0111001500,0111001491,2003,001180734,08-Apr-2022,2287,10,A1010,Nos,2.0,22.48,44.96
338,0111001500,0111001491,2003,001180734,08-Apr-2022,2287,10,A1012,Nos,4.0,35.03,140.12
339,0111001500,0111001491,2003,001180734,08-Apr-2022,2287,10,A1014,Nos,2.0,28.65,57.3
340,0111001500,0111001491,2003,001180734,08-Apr-2022,2287,10,A1016,Nos,3.0,23.88,71.64
341,0111001500,0111001491,2003,001180734,08-Apr-2022,2287,10,A1017,Nos,4.0,38.29,153.16
342,0111001500,0111001491,2003,001180734,08-Apr-2022,2287,10,A1019,Nos,8.0,11.07,88.56
343,0111001500,0111001494,2003,001180735,08-Apr-2022,2234,11,A0960,Nos,30.0,24.19,725.7
344,0111001500,0111001494,2003,001180735,08-Apr-2022,2234,11,A1006,Nos,20.0,9.12,182.4
345,0111001500,0111001494,2003,001180735,08-Apr-2022,2234,11,A1007,Nos,10.0,12.32,123.2
346,0111001500,0111001494,2003,001180735,08-Apr-2022,2234,11,A1008,Nos,20.0,10.49,209.8
347,0111001500,0111001494,2003,001180735,08-Apr-2022,2234,11,A1009,Nos,6.0,9.74,58.44
348,0111001500,0111001494,2003,001180735,08-Apr-2022,2234,11,A1012,Nos,20.0,35.03,700.6
349,0111001500,0111001494,2003,001180735,08-Apr-2022,2234,11,A1013,Nos,15.0,33.78,506.7
350,0111001500,0111001494,2003,001180735,08-Apr-2022,2234,11,A1014,Nos,10.0,28.65,286.5
351,0111001500,0111001494,2003,001180735,08-Apr-2022,2234,11,A1016,Nos,5.0,23.88,119.4
352,0111001500,0111001494,2003,001180735,08-Apr-2022,2234,11,A1017,Nos,5.0,38.29,191.45
353,0111001500,0111001494,2003,001180735,08-Apr-2022,2234,11,A1019,Nos,6.0,11.07,66.42
354,0111001500,0111001495,2003,001180736,08-Apr-2022,2234,11,A0960,Nos,10.0,24.19,241.9
355,0111001500,0111001495,2003,001180736,08-Apr-2022,2234,11,A1006,Nos,12.0,9.12,109.44
356,0111001500,0111001495,2003,001180736,08-Apr-2022,2234,11,A1007,Nos,6.0,12.32,73.92
357,0111001500,0111001495,2003,001180736,08-Apr-2022,2234,11,A1008,Nos,12.0,10.49,125.88
358,0111001500,0111001495,2003,001180736,08-Apr-2022,2234,11,A1009,Nos,10.0,9.74,97.4
359,0111001500,0111001495,2003,001180736,08-Apr-2022,2234,11,A1010,Nos,5.0,22.48,112.4
360,0111001500,0111001495,2003,001180736,08-Apr-2022,2234,11,A1012,Nos,5.0,35.03,175.15
361,0111001500,0111001495,2003,001180736,08-Apr-2022,2234,11,A1013,Nos,2.0,33.78,67.56
362,0111001500,0111001495,2003,001180736,08-Apr-2022,2234,11,A1014,Nos,6.0,28.65,171.9
363,0111001500,0111001495,2003,001180736,08-Apr-2022,2234,11,A1016,Nos,5.0,23.88,119.4
364,0111001500,0111001495,2003,001180736,08-Apr-2022,2234,11,A1017,Nos,2.0,38.29,76.58
365,0111001500,0111001496,2003,001180737,08-Apr-2022,2223,12,A0960,Nos,21.0,24.19,507.99
366,0111001500,0111001496,2003,001180737,08-Apr-2022,2223,12,A1006,Nos,20.0,9.12,182.4
367,0111001500,0111001496,2003,001180737,08-Apr-2022,2223,12,A1007,Nos,16.0,12.32,197.12
368,0111001500,0111001496,2003,001180737,08-Apr-2022,2223,12,A1008,Nos,20.0,10.49,209.8
369,0111001500,0111001496,2003,001180737,08-Apr-2022,2223,12,A1009,Nos,20.0,9.74,194.8
370,0111001500,0111001496,2003,001180737,08-Apr-2022,2223,12,A1010,Nos,5.0,22.48,112.4
371,0111001500,0111001496,2003,001180737,08-Apr-2022,2223,12,A1012,Nos,10.0,35.03,350.3
372,0111001500,0111001496,2003,001180737,08-Apr-2022,2223,12,A1013,Nos,10.0,33.78,337.8
373,0111001500,0111001496,2003,001180737,08-Apr-2022,2223,12,A1014,Nos,12.0,28.65,343.8
374,0111001500,0111001496,2003,001180737,08-Apr-2022,2223,12,A1016,Nos,8.0,23.88,191.04
375,0111001500,0111001496,2003,001180737,08-Apr-2022,2223,12,A1017,Nos,5.0,38.29,191.45
376,0111001500,0111001496,2003,001180737,08-Apr-2022,2223,12,A1019,Nos,6.0,11.07,66.42
377,0111001500,0111001502,2003,001180738,08-Apr-2022,2177,11,A0960,Nos,9.0,24.19,217.71
378,0111001500,0111001502,2003,001180738,08-Apr-2022,2177,11,A1006,Nos,16.0,9.12,145.92
379,0111001500,0111001502,2003,001180738,08-Apr-2022,2177,11,A1007,Nos,8.0,12.32,98.56
380,0111001500,0111001502,2003,001180738,08-Apr-2022,2177,11,A1008,Nos,12.0,10.49,125.88
381,0111001500,0111001502,2003,001180738,08-Apr-2022,2177,11,A1009,Nos,6.0,9.74,58.44
382,0111001500,0111001502,2003,001180738,08-Apr-2022,2177,11,A1010,Nos,6.0,22.48,134.88
383,0111001500,0111001502,2003,001180738,08-Apr-2022,2177,11,A1012,Nos,4.0,35.03,140.12
384,0111001500,0111001502,2003,001180738,08-Apr-2022,2177,11,A1013,Nos,6.0,33.78,202.68
385,0111001500,0111001502,2003,001180738,08-Apr-2022,2177,11,A1014,Nos,4.0,28.65,114.6
386,0111001500,0111001502,2003,001180738,08-Apr-2022,2177,11,A1016,Nos,4.0,23.88,95.52
387,0111001500,0111001502,2003,001180738,08-Apr-2022,2177,11,A1017,Nos,6.0,38.29,229.74
388,0118001096,0118001007,1693,001180746,08-Apr-2022,10508,1,A614,Kg,4.0,114.5,458.0
389,0118001096,0118001044,1693,001180747,08-Apr-2022,2965,1,A614,Kg,2.0,114.5,229.0
390,0118001096,0118001065,1693,001180748,08-Apr-2022,2833,1,A614,Kg,3.0,114.5,343.5
391,0118001096,0118001099,1693,001180749,08-Apr-2022,2359,1,A614,Kg,3.0,114.5,343.5
392,0118001096,0118001104,1693,001180750,08-Apr-2022,2770,1,A614,Kg,2.0,114.5,229.0
393,0118001096,0118001121,1693,001180751,08-Apr-2022,3312,1,A614,Kg,3.0,114.5,343.5
394,0118001096,0118001008,1693,001180752,08-Apr-2022,100045,1,A614,Kg,2.0,114.5,229.0
395,0118001096,0118001011,1693,001180753,08-Apr-2022,100248,1,A614,Kg,3.0,114.5,343.5
396,0118001096,0118010001,1693,001180754,08-Apr-2022,4089,1,A614,Kg,1.0,114.5,114.5
397,0118001096,0118001129,1693,001180755,08-Apr-2022,3120,1,A614,Kg,1.0,114.5,114.5
398,0113002085,0113004008,1467,001180756,08-Apr-2022,100523,6,D823,Nos,12.0,22.58,270.96
399,0113002085,0113004008,1467,001180756,08-Apr-2022,100523,6,M786,Kg,1.0,268.7,268.7
400,0113002085,0113004008,1467,001180756,08-Apr-2022,100523,6,O250,kg,1.0,247.0,247.0
401,0113002085,0113004008,1467,001180756,08-Apr-2022,100523,6,O282,kg,1.0,86.6,86.6
402,0113002085,0113004008,1467,001180756,08-Apr-2022,100523,6,U457,Nos,3.0,121.0,363.0
403,0113002085,0113004008,1467,001180756,08-Apr-2022,100523,6,V441,Nos,3.0,142.0,426.0
404,0113002085,0113004009,1467,001180757,08-Apr-2022,100379,8,A0882,Nos,36.0,13.75,495.0
405,0113002085,0113004009,1467,001180757,08-Apr-2022,100379,8,A614,Kg,6.0,122.5,735.0
406,0113002085,0113004009,1467,001180757,08-Apr-2022,100379,8,D823,Nos,36.0,22.58,812.88
407,0113002085,0113004009,1467,001180757,08-Apr-2022,100379,8,H127,Nos,10.0,10.42,104.2
408,0113002085,0113004009,1467,001180757,08-Apr-2022,100379,8,I046,Nos,51.0,5.7,290.7
409,0113002085,0113004009,1467,001180757,08-Apr-2022,100379,8,O250,kg,1.0,247.0,247.0
410,0113002085,0113004009,1467,001180757,08-Apr-2022,100379,8,O262,Nos,20.0,17.46,349.2
411,0113002085,0113004009,1467,001180757,08-Apr-2022,100379,8,O282,kg,1.0,86.6,86.6
412,0113002085,0113006005,1467,001180758,08-Apr-2022,100433,11,A0882,Nos,20.0,13.75,275.0
413,0113002085,0113006005,1467,001180758,08-Apr-2022,100433,11,A614,Kg,4.0,122.5,490.0
414,0113002085,0113006005,1467,001180758,08-Apr-2022,100433,11,D823,Nos,12.0,22.58,270.96
415,0113002085,0113006005,1467,001180758,08-Apr-2022,100433,11,M548,Nos,36.0,16.5,594.0
416,0113002085,0113006005,1467,001180758,08-Apr-2022,100433,11,M786,Kg,1.0,268.7,268.7
417,0113002085,0113006005,1467,001180758,08-Apr-2022,100433,11,O135,Nos,20.0,17.42,348.4
418,0113002085,0113006005,1467,001180758,08-Apr-2022,100433,11,O250,kg,2.0,247.0,494.0
419,0113002085,0113006005,1467,001180758,08-Apr-2022,100433,11,O262,Nos,10.0,17.46,174.6
420,0113002085,0113006005,1467,001180758,08-Apr-2022,100433,11,O282,kg,1.0,86.6,86.6
421,0113002085,0113006005,1467,001180758,08-Apr-2022,100433,11,U457,Nos,3.0,121.0,363.0
422,0113002085,0113006005,1467,001180758,08-Apr-2022,100433,11,Y0012,Nos,10.0,26.5,265.0
423,0113002085,0113006008,1467,001180759,08-Apr-2022,100233,13,A0882,Nos,36.0,13.75,495.0
424,0113002085,0113006008,1467,001180759,08-Apr-2022,100233,13,A614,Kg,10.0,122.5,1225.0
425,0113002085,0113006008,1467,001180759,08-Apr-2022,100233,13,D823,Nos,24.0,22.58,541.92
426,0113002085,0113006008,1467,001180759,08-Apr-2022,100233,13,H127,Nos,10.0,10.42,104.2
427,0113002085,0113006008,1467,001180759,08-Apr-2022,100233,13,M548,Nos,24.0,16.5,396.0
428,0113002085,0113006008,1467,001180759,08-Apr-2022,100233,13,M786,Kg,1.0,268.7,268.7
429,0113002085,0113006008,1467,001180759,08-Apr-2022,100233,13,O135,Nos,50.0,17.42,871.0
430,0113002085,0113006008,1467,001180759,08-Apr-2022,100233,13,O250,kg,1.0,247.0,247.0
431,0113002085,0113006008,1467,001180759,08-Apr-2022,100233,13,O262,Nos,30.0,17.46,523.8
432,0113002085,0113006008,1467,001180759,08-Apr-2022,100233,13,O282,kg,1.0,86.6,86.6
433,0113002085,0113006008,1467,001180759,08-Apr-2022,100233,13,U457,Nos,4.0,121.0,484.0
434,0113002085,0113006008,1467,001180759,08-Apr-2022,100233,13,Y0011,Nos,30.0,14.5,435.0
435,0113002085,0113006008,1467,001180759,08-Apr-2022,100233,13,Y0012,Nos,15.0,26.5,397.5
436,0113002085,0113006009,1467,001180760,08-Apr-2022,100389,12,A0882,Nos,20.0,13.75,275.0
437,0113002085,0113006009,1467,001180760,08-Apr-2022,100389,12,A614,Kg,6.0,122.5,735.0
438,0113002085,0113006009,1467,001180760,08-Apr-2022,100389,12,D823,Nos,24.0,22.58,541.92
439,0113002085,0113006009,1467,001180760,08-Apr-2022,100389,12,I046,Nos,51.0,5.7,290.7
440,0113002085,0113006009,1467,001180760,08-Apr-2022,100389,12,M548,Nos,40.0,16.5,660.0
441,0113002085,0113006009,1467,001180760,08-Apr-2022,100389,12,M786,Kg,1.0,268.7,268.7
442,0113002085,0113006009,1467,001180760,08-Apr-2022,100389,12,O135,Nos,20.0,17.42,348.4
443,0113002085,0113006009,1467,001180760,08-Apr-2022,100389,12,O250,kg,1.0,247.0,247.0
444,0113002085,0113006009,1467,001180760,08-Apr-2022,100389,12,O262,Nos,20.0,17.46,349.2
445,0113002085,0113006009,1467,001180760,08-Apr-2022,100389,12,U457,Nos,10.0,121.0,1210.0
446,0113002085,0113006009,1467,001180760,08-Apr-2022,100389,12,V441,Nos,6.0,142.0,852.0
447,0113002085,0113006009,1467,001180760,08-Apr-2022,100389,12,Y0012,Nos,10.0,26.5,265.0
448,0113002085,0113006010,1467,001180761,08-Apr-2022,100219,9,A0882,Nos,36.0,13.75,495.0
449,0113002085,0113006010,1467,001180761,08-Apr-2022,100219,9,A614,Kg,6.0,122.5,735.0
450,0113002085,0113006010,1467,001180761,08-Apr-2022,100219,9,D823,Nos,24.0,22.58,541.92
451,0113002085,0113006010,1467,001180761,08-Apr-2022,100219,9,H127,Nos,10.0,10.42,104.2
452,0113002085,0113006010,1467,001180761,08-Apr-2022,100219,9,I046,Nos,51.0,5.7,290.7
453,0113002085,0113006010,1467,001180761,08-Apr-2022,100219,9,M548,Nos,24.0,16.5,396.0
454,0113002085,0113006010,1467,001180761,08-Apr-2022,100219,9,O135,Nos,30.0,17.42,522.6
455,0113002085,0113006010,1467,001180761,08-Apr-2022,100219,9,O250,kg,1.0,247.0,247.0
456,0113002085,0113006010,1467,001180761,08-Apr-2022,100219,9,O262,Nos,20.0,17.46,349.2
457,0113002085,0113006011,1467,001180762,08-Apr-2022,100100,11,A614,Kg,5.0,122.5,612.5
458,0113002085,0113006011,1467,001180762,08-Apr-2022,100100,11,D823,Nos,24.0,22.58,541.92
459,0113002085,0113006011,1467,001180762,08-Apr-2022,100100,11,H127,Nos,10.0,10.42,104.2
460,0113002085,0113006011,1467,001180762,08-Apr-2022,100100,11,I046,Nos,102.0,5.7,581.4
461,0113002085,0113006011,1467,001180762,08-Apr-2022,100100,11,O135,Nos,50.0,17.42,871.0
462,0113002085,0113006011,1467,001180762,08-Apr-2022,100100,11,O250,kg,1.0,247.0,247.0
463,0113002085,0113006011,1467,001180762,08-Apr-2022,100100,11,O262,Nos,30.0,17.46,523.8
464,0113002085,0113006011,1467,001180762,08-Apr-2022,100100,11,O282,kg,1.0,86.6,86.6
465,0113002085,0113006011,1467,001180762,08-Apr-2022,100100,11,U457,Nos,6.0,121.0,726.0
466,0113002085,0113006011,1467,001180762,08-Apr-2022,100100,11,V441,Nos,6.0,142.0,852.0
467,0113002085,0113006011,1467,001180762,08-Apr-2022,100100,11,Y0023,Nos,20.0,11.0,220.0
468,0101001108,0101005003,1692,001180763,08-Apr-2022,100113,2,A0319,Nos,4.0,155.0,620.0
469,0101001108,0101005003,1692,001180763,08-Apr-2022,100113,2,O135,Nos,10.0,17.42,174.2
470,0101001108,0101012001,1692,001180764,08-Apr-2022,100120,2,I046,Nos,51.0,5.7,290.7
471,0101001108,0101012001,1692,001180764,08-Apr-2022,100120,2,Y0012,Nos,15.0,26.5,397.5
472,0101001108,0101016001,1692,001180765,08-Apr-2022,100107,1,H140,Kg,0.5,262.0,131.0
473,0101001108,0164001001,1692,001180766,08-Apr-2022,100085,6,A0882,Nos,30.0,13.75,412.5
474,0101001108,0164001001,1692,001180766,08-Apr-2022,100085,6,D823,Nos,36.0,22.58,812.88
475,0101001108,0164001001,1692,001180766,08-Apr-2022,100085,6,I046,Nos,51.0,5.7,290.7
476,0101001108,0164001001,1692,001180766,08-Apr-2022,100085,6,O135,Nos,20.0,17.42,348.4
477,0101001108,0164001001,1692,001180766,08-Apr-2022,100085,6,O262,Nos,50.0,17.46,873.0
478,0101001108,0164001001,1692,001180766,08-Apr-2022,100085,6,Y0012,Nos,15.0,26.5,397.5
479,0101001108,0164006001,1692,001180767,08-Apr-2022,100078,1,H140,Kg,0.5,262.0,131.0
480,0101001108,0164006002,1692,001180768,08-Apr-2022,100087,3,A0319,Nos,3.0,155.0,465.0
481,0101001108,0164006002,1692,001180768,08-Apr-2022,100087,3,H140,Kg,0.5,262.0,131.0
482,0101001108,0164006002,1692,001180768,08-Apr-2022,100087,3,O250,kg,0.5,247.0,123.5
483,0101001108,0164006003,1692,001180769,08-Apr-2022,100080,1,O262,Nos,50.0,17.46,873.0
484,0101001108,0164006005,1692,001180770,08-Apr-2022,100084,1,O262,Nos,60.0,17.46,1047.6
485,0101001108,0164007001,1692,001180771,08-Apr-2022,100074,5,A614,Kg,2.0,114.5,229.0
486,0101001108,0164007001,1692,001180771,08-Apr-2022,100074,5,H140,Kg,0.5,262.0,131.0
487,0101001108,0164007001,1692,001180771,08-Apr-2022,100074,5,I046,Nos,51.0,5.7,290.7
488,0101001108,0164007001,1692,001180771,08-Apr-2022,100074,5,M546,Nos,100.0,12.55,1255.0
489,0101001108,0164007001,1692,001180771,08-Apr-2022,100074,5,O250,kg,0.5,247.0,123.5
490,0113001242,0149005006,1697,001180774,08-Apr-2022,100476,13,A0882,Nos,80.0,13.75,1100.0
491,0113001242,0149005006,1697,001180774,08-Apr-2022,100476,13,A614,Kg,12.0,122.5,1470.0
492,0113001242,0149005006,1697,001180774,08-Apr-2022,100476,13,D823,Nos,36.0,22.58,812.88
493,0113001242,0149005006,1697,001180774,08-Apr-2022,100476,13,H127,Nos,20.0,10.42,208.4
494,0113001242,0149005006,1697,001180774,08-Apr-2022,100476,13,I046,Nos,153.0,5.7,872.1
495,0113001242,0149005006,1697,001180774,08-Apr-2022,100476,13,M548,Nos,40.0,16.5,660.0
496,0113001242,0149005006,1697,001180774,08-Apr-2022,100476,13,O135,Nos,80.0,17.42,1393.6
497,0113001242,0149005006,1697,001180774,08-Apr-2022,100476,13,O250,kg,5.0,247.0,1235.0
498,0113001242,0149005006,1697,001180774,08-Apr-2022,100476,13,O262,Nos,20.0,17.46,349.2
499,0113001242,0149005006,1697,001180774,08-Apr-2022,100476,13,O282,kg,5.0,86.6,433.0
500,0113001242,0149005006,1697,001180774,08-Apr-2022,100476,13,V441,Nos,5.0,142.0,710.0
501,0113001242,0149005006,1697,001180774,08-Apr-2022,100476,13,Y0011,Nos,20.0,14.5,290.0
502,0113001242,0149005006,1697,001180774,08-Apr-2022,100476,13,Y0012,Nos,15.0,26.5,397.5
503,0145001110,0145001042,1774,001180776,08-Apr-2022,100302,12,A0882,Nos,70.0,13.75,962.5
504,0145001110,0145001042,1774,001180776,08-Apr-2022,100302,12,A614,Kg,6.0,114.5,687.0
505,0145001110,0145001042,1774,001180776,08-Apr-2022,100302,12,D823,Nos,24.0,22.58,541.92
506,0145001110,0145001042,1774,001180776,08-Apr-2022,100302,12,I046,Nos,51.0,5.78,294.78
507,0145001110,0145001042,1774,001180776,08-Apr-2022,100302,12,M548,Nos,52.0,16.5,858.0
508,0145001110,0145001042,1774,001180776,08-Apr-2022,100302,12,M786,Kg,5.0,268.7,1343.5
509,0145001110,0145001042,1774,001180776,08-Apr-2022,100302,12,O135,Nos,50.0,17.42,871.0
510,0145001110,0145001042,1774,001180776,08-Apr-2022,100302,12,O250,kg,2.0,247.0,494.0
511,0145001110,0145001042,1774,001180776,08-Apr-2022,100302,12,O262,Nos,35.0,17.46,611.1
512,0145001110,0145001042,1774,001180776,08-Apr-2022,100302,12,O282,kg,2.5,86.6,216.5
513,0145001110,0145001042,1774,001180776,08-Apr-2022,100302,12,Y0011,Nos,30.0,14.5,435.0
514,0145001110,0145001042,1774,001180776,08-Apr-2022,100302,12,Y0012,Nos,25.0,26.5,662.5
515,0111001293,0111002009,1713,001180804,09-Apr-2022,2119,1,A0319,Nos,2.0,155.0,310.0
516,0111001293,0111002015,1713,001180805,09-Apr-2022,2508,1,A0319,Nos,2.0,155.0,310.0
517,0111001293,0111013001,1713,001180812,09-Apr-2022,2207,1,A0319,Nos,1.0,155.0,155.0
518,0111001293,0111002020,1713,001180823,09-Apr-2022,100020,1,A0319,Nos,6.0,155.0,930.0
519,0111001293,0111021001,1713,001180824,09-Apr-2022,100025,1,A0319,Nos,6.0,155.0,930.0
520,0141003008,0141003013,1695,001180826,08-Apr-2022,2010,1,Y0012,Nos,30.0,26.5,795.0
521,0141003008,0141001102,1695,001180827,08-Apr-2022,2029,4,A0882,Nos,48.0,13.75,660.0
522,0141003008,0141001102,1695,001180827,08-Apr-2022,2029,4,O135,Nos,72.0,17.65,1270.8
523,0141003008,0141001102,1695,001180827,08-Apr-2022,2029,4,U457,Nos,4.0,121.0,484.0
524,0141003008,0141001102,1695,001180827,08-Apr-2022,2029,4,Y0012,Nos,40.0,26.5,1060.0
525,0141003008,0141001103,1695,001180828,08-Apr-2022,2121,4,A0882,Nos,12.0,13.75,165.0
526,0141003008,0141001103,1695,001180828,08-Apr-2022,2121,4,O135,Nos,36.0,17.65,635.4
527,0141003008,0141001103,1695,001180828,08-Apr-2022,2121,4,U457,Nos,3.0,121.0,363.0
528,0141003008,0141001103,1695,001180828,08-Apr-2022,2121,4,Y0012,Nos,10.0,26.5,265.0
529,0141003008,0141001079,1695,001180829,08-Apr-2022,2561,4,A0882,Nos,12.0,13.75,165.0
530,0141003008,0141001079,1695,001180829,08-Apr-2022,2561,4,O135,Nos,36.0,17.65,635.4
531,0141003008,0141001079,1695,001180829,08-Apr-2022,2561,4,U457,Nos,2.0,121.0,242.0
532,0141003008,0141001079,1695,001180829,08-Apr-2022,2561,4,Y0012,Nos,10.0,26.5,265.0
533,0141003008,0141003016,1695,001180830,08-Apr-2022,2001,1,U457,Nos,3.0,121.0,363.0
534,0141003008,0141001099,1695,001180831,08-Apr-2022,2062,3,A0882,Nos,525.0,13.75,7218.75
535,0141003008,0141001099,1695,001180831,08-Apr-2022,2062,3,U457,Nos,12.0,121.0,1452.0
536,0141003008,0141001099,1695,001180831,08-Apr-2022,2062,3,Y0012,Nos,60.0,26.5,1590.0
537,0141003008,0139001227,1695,001180832,09-Apr-2022,100238,12,A0882,Nos,72.0,13.75,990.0
538,0141003008,0139001227,1695,001180832,09-Apr-2022,100238,12,A614,Kg,2.0,114.5,229.0
539,0141003008,0139001227,1695,001180832,09-Apr-2022,100238,12,D823,Nos,36.0,22.58,812.88
540,0141003008,0139001227,1695,001180832,09-Apr-2022,100238,12,I046,Nos,51.0,5.7,290.7
541,0141003008,0139001227,1695,001180832,09-Apr-2022,100238,12,M548,Nos,60.0,16.5,990.0
542,0141003008,0139001227,1695,001180832,09-Apr-2022,100238,12,M786,Kg,2.0,268.7,537.4
543,0141003008,0139001227,1695,001180832,09-Apr-2022,100238,12,O135,Nos,72.0,17.65,1270.8
544,0141003008,0139001227,1695,001180832,09-Apr-2022,100238,12,O250,kg,3.0,247.0,741.0
545,0141003008,0139001227,1695,001180832,09-Apr-2022,100238,12,O282,kg,3.0,86.6,259.8
546,0141003008,0139001227,1695,001180832,09-Apr-2022,100238,12,U457,Nos,8.0,121.0,968.0
547,0141003008,0139001227,1695,001180832,09-Apr-2022,100238,12,V441,Nos,8.0,142.0,1136.0
548,0141003008,0139001227,1695,001180832,09-Apr-2022,100238,12,Y0012,Nos,30.0,26.5,795.0
549,0141003008,0139001209,1695,001180833,09-Apr-2022,2632,11,A0882,Nos,36.0,13.75,495.0
550,0141003008,0139001209,1695,001180833,09-Apr-2022,2632,11,A614,Kg,2.0,114.5,229.0
551,0141003008,0139001209,1695,001180833,09-Apr-2022,2632,11,D823,Nos,168.0,22.58,3793.44
552,0141003008,0139001209,1695,001180833,09-Apr-2022,2632,11,I046,Nos,51.0,5.7,290.7
553,0141003008,0139001209,1695,001180833,09-Apr-2022,2632,11,M548,Nos,72.0,16.5,1188.0
554,0141003008,0139001209,1695,001180833,09-Apr-2022,2632,11,M786,Kg,2.0,268.7,537.4
555,0141003008,0139001209,1695,001180833,09-Apr-2022,2632,11,O135,Nos,36.0,17.65,635.4
556,0141003008,0139001209,1695,001180833,09-Apr-2022,2632,11,O250,kg,3.0,247.0,741.0
557,0141003008,0139001209,1695,001180833,09-Apr-2022,2632,11,O282,kg,3.0,86.6,259.8
558,0141003008,0139001209,1695,001180833,09-Apr-2022,2632,11,U457,Nos,3.0,121.0,363.0
559,0141003008,0139001209,1695,001180833,09-Apr-2022,2632,11,Y0012,Nos,30.0,26.5,795.0
560,0141003008,0139001054,1695,001180834,09-Apr-2022,100037,8,A0882,Nos,36.0,13.75,495.0
561,0141003008,0139001054,1695,001180834,09-Apr-2022,100037,8,A614,Kg,2.0,114.5,229.0
562,0141003008,0139001054,1695,001180834,09-Apr-2022,100037,8,D823,Nos,24.0,22.58,541.92
563,0141003008,0139001054,1695,001180834,09-Apr-2022,100037,8,I046,Nos,51.0,5.7,290.7
564,0141003008,0139001054,1695,001180834,09-Apr-2022,100037,8,M548,Nos,48.0,16.5,792.0
565,0141003008,0139001054,1695,001180834,09-Apr-2022,100037,8,O250,kg,6.0,247.0,1482.0
566,0141003008,0139001054,1695,001180834,09-Apr-2022,100037,8,O282,kg,5.0,86.6,433.0
567,0141003008,0139001054,1695,001180834,09-Apr-2022,100037,8,U457,Nos,5.0,121.0,605.0
568,0141003008,0139001111,1695,001180835,09-Apr-2022,2196,2,M786,Kg,2.0,268.7,537.4
569,0141003008,0139001111,1695,001180835,09-Apr-2022,2196,2,Y0012,Nos,30.0,26.5,795.0
570,0141003008,0141001009,1695,001180836,09-Apr-2022,2086,13,A0319,Nos,12.0,155.0,1860.0
571,0141003008,0141001009,1695,001180836,09-Apr-2022,2086,13,A0882,Nos,36.0,13.75,495.0
572,0141003008,0141001009,1695,001180836,09-Apr-2022,2086,13,A614,Kg,2.0,114.5,229.0
573,0141003008,0141001009,1695,001180836,09-Apr-2022,2086,13,D823,Nos,24.0,22.58,541.92
574,0141003008,0141001009,1695,001180836,09-Apr-2022,2086,13,I046,Nos,51.0,5.7,290.7
575,0141003008,0141001009,1695,001180836,09-Apr-2022,2086,13,M548,Nos,24.0,16.5,396.0
576,0141003008,0141001009,1695,001180836,09-Apr-2022,2086,13,M786,Kg,2.0,268.7,537.4
577,0141003008,0141001009,1695,001180836,09-Apr-2022,2086,13,O135,Nos,36.0,17.65,635.4
578,0141003008,0141001009,1695,001180836,09-Apr-2022,2086,13,O250,kg,3.0,247.0,741.0
579,0141003008,0141001009,1695,001180836,09-Apr-2022,2086,13,O282,kg,1.0,86.6,86.6
580,0141003008,0141001009,1695,001180836,09-Apr-2022,2086,13,U457,Nos,4.0,121.0,484.0
581,0141003008,0141001009,1695,001180836,09-Apr-2022,2086,13,V441,Nos,5.0,142.0,710.0
582,0141003008,0141001009,1695,001180836,09-Apr-2022,2086,13,Y0012,Nos,30.0,26.5,795.0
583,0141003008,0139001239,1695,001180837,09-Apr-2022,2061,13,A0319,Nos,12.0,155.0,1860.0
584,0141003008,0139001239,1695,001180837,09-Apr-2022,2061,13,A0882,Nos,36.0,13.75,495.0
585,0141003008,0139001239,1695,001180837,09-Apr-2022,2061,13,A614,Kg,2.0,114.5,229.0
586,0141003008,0139001239,1695,001180837,09-Apr-2022,2061,13,D823,Nos,12.0,22.58,270.96
587,0141003008,0139001239,1695,001180837,09-Apr-2022,2061,13,I046,Nos,102.0,5.7,581.4
588,0141003008,0139001239,1695,001180837,09-Apr-2022,2061,13,M548,Nos,24.0,16.5,396.0
589,0141003008,0139001239,1695,001180837,09-Apr-2022,2061,13,M786,Kg,2.0,268.7,537.4
590,0141003008,0139001239,1695,001180837,09-Apr-2022,2061,13,O135,Nos,36.0,17.65,635.4
591,0141003008,0139001239,1695,001180837,09-Apr-2022,2061,13,O250,kg,2.0,247.0,494.0
592,0141003008,0139001239,1695,001180837,09-Apr-2022,2061,13,O282,kg,3.0,86.6,259.8
593,0141003008,0139001239,1695,001180837,09-Apr-2022,2061,13,U457,Nos,4.0,121.0,484.0
594,0141003008,0139001239,1695,001180837,09-Apr-2022,2061,13,V441,Nos,2.0,142.0,284.0
595,0141003008,0139001239,1695,001180837,09-Apr-2022,2061,13,Y0012,Nos,30.0,26.5,795.0
596,0141003008,0139001035,1695,001180838,09-Apr-2022,3079,11,A0319,Nos,12.0,155.0,1860.0
597,0141003008,0139001035,1695,001180838,09-Apr-2022,3079,11,A0882,Nos,36.0,13.75,495.0
598,0141003008,0139001035,1695,001180838,09-Apr-2022,3079,11,A614,Kg,1.0,114.5,114.5
599,0141003008,0139001035,1695,001180838,09-Apr-2022,3079,11,D823,Nos,12.0,22.58,270.96
600,0141003008,0139001035,1695,001180838,09-Apr-2022,3079,11,I046,Nos,51.0,5.7,290.7
601,0141003008,0139001035,1695,001180838,09-Apr-2022,3079,11,M548,Nos,24.0,16.5,396.0
602,0141003008,0139001035,1695,001180838,09-Apr-2022,3079,11,M786,Kg,1.0,268.7,268.7
603,0141003008,0139001035,1695,001180838,09-Apr-2022,3079,11,O135,Nos,36.0,17.65,635.4
604,0141003008,0139001035,1695,001180838,09-Apr-2022,3079,11,O250,kg,1.0,247.0,247.0
605,0141003008,0139001035,1695,001180838,09-Apr-2022,3079,11,O282,kg,1.0,86.6,86.6
606,0141003008,0139001035,1695,001180838,09-Apr-2022,3079,11,Y0012,Nos,30.0,26.5,795.0
607,0141003008,0139001219,1695,001180839,09-Apr-2022,2739,12,A0319,Nos,12.0,155.0,1860.0
608,0141003008,0139001219,1695,001180839,09-Apr-2022,2739,12,A0882,Nos,36.0,13.75,495.0
609,0141003008,0139001219,1695,001180839,09-Apr-2022,2739,12,A614,Kg,1.0,114.5,114.5
610,0141003008,0139001219,1695,001180839,09-Apr-2022,2739,12,D823,Nos,12.0,22.58,270.96
611,0141003008,0139001219,1695,001180839,09-Apr-2022,2739,12,M548,Nos,24.0,16.5,396.0
612,0141003008,0139001219,1695,001180839,09-Apr-2022,2739,12,M786,Kg,1.0,268.7,268.7
613,0141003008,0139001219,1695,001180839,09-Apr-2022,2739,12,O135,Nos,72.0,17.65,1270.8
614,0141003008,0139001219,1695,001180839,09-Apr-2022,2739,12,O250,kg,2.0,247.0,494.0
615,0141003008,0139001219,1695,001180839,09-Apr-2022,2739,12,O282,kg,2.0,86.6,173.2
616,0141003008,0139001219,1695,001180839,09-Apr-2022,2739,12,U457,Nos,12.0,121.0,1452.0
617,0141003008,0139001219,1695,001180839,09-Apr-2022,2739,12,V441,Nos,3.0,142.0,426.0
618,0141003008,0139001219,1695,001180839,09-Apr-2022,2739,12,I046,Nos,51.0,5.7,290.7
